		TRAD				NAPOT				CAMB				RCPT				cRCPT			
Type	Size	Allo	DeAllo	FreeNode	AlloNode	Allo	DeAllo	FreeNode	AlloNode	Allo	DeAllo	FreeNode	AlloNode	Allo	DeAllo	FreeNode	AlloNode	Allo	DeAllo	FreeNode	AlloNode
TRAD	2	567.61	37060.4	49026	4320	576.29	37056.4	49026	4320	602.27	37035.4	49026	4320	611.28	36983.4	49026	4320	688.09	37100.9	49026	4320
TRAD	4	391.75	9493.67	36739	2160	396.83	9554.35	36739	2160	421.47	9519.05	36739	2160	435.76	9540.65	36739	2160	507.65	9519.16	36739	2160
TRAD	8	309.79	2247.12	25490	1132	310.29	2247.32	25490	1132	332.34	2212.08	25490	1132	350.15	2264.9	25490	1132	420.95	2241.18	25490	1132
TRAD	16	290.83	943.19	16638	844	294.95	971.9	16638	844	317.09	979.49	16638	844	334.95	967.67	16638	844	403.13	951.94	16638	844
TRAD	32	363.34	639.08	10373	492	271.13	462.5	10373	492	354.02	574.52	10373	492	366.51	563.19	10373	492	380.11	460.87	10373	492
TRAD	64	316.02	212.06	6203	259	274.92	182.94	6203	259	318.94	204.1	6203	259	388.93	222.37	6203	259	466.59	217.86	6203	259
TRAD	128	325.84	73.62	3584	132	316.17	71.19	3584	132	321.97	70.67	3584	132	376.09	75.14	3584	132	451.87	71.33	3584	132
TRAD	256	312.01	29.31	2071	67	312.7	29.85	2071	67	307.64	27.91	2071	67	359.57	29.72	2071	67	456.94	30.43	2071	67
