check_BBS_CAMB_128_507_65536            16.83      1.16       3584      9          
check_BBS_CAMB_16_507_65536             20.43      5.84       16638     34         
check_BBS_CAMB_256_507_65536            17.27      0.99       2071      8          
check_BBS_CAMB_2_507_65536              51.20      185.34     49026     254        
check_BBS_CAMB_32_507_65536             19.40      2.69       10373     19         
check_BBS_CAMB_4_507_65536              40.53      50.77      36739     128        
check_BBS_CAMB_64_507_65536             17.94      1.75       6203      12         
check_BBS_CAMB_8_507_65536              28.54      16.53      25490     65         
check_BBS_NAPOT_128_507_65536           15.76      1.17       3584      9          
check_BBS_NAPOT_16_507_65536            19.66      6.20       16638     34         
check_BBS_NAPOT_256_507_65536           16.10      1.00       2071      8          
check_BBS_NAPOT_2_507_65536             51.51      187.61     49026     254        
check_BBS_NAPOT_32_507_65536            17.94      2.66       10373     19         
check_BBS_NAPOT_4_507_65536             40.93      52.88      36739     128        
check_BBS_NAPOT_64_507_65536            17.17      1.60       6203      12         
check_BBS_NAPOT_8_507_65536             25.91      16.48      25490     65         
check_BBS_RCPT_128_507_65536            17.94      1.14       3584      9          
check_BBS_RCPT_16_507_65536             21.65      5.78       16638     34         
check_BBS_RCPT_256_507_65536            18.29      0.98       2071      8          
check_BBS_RCPT_2_507_65536              52.86      183.38     49026     254        
check_BBS_RCPT_32_507_65536             19.83      2.67       10373     19         
check_BBS_RCPT_4_507_65536              39.83      52.18      36739     128        
check_BBS_RCPT_64_507_65536             19.19      1.58       6203      12         
check_BBS_RCPT_8_507_65536              27.44      16.21      25490     65         
check_BBS_TRAD_128_507_65536            15.66      1.25       3584      9          
check_BBS_TRAD_16_507_65536             19.59      5.89       16638     34         
check_BBS_TRAD_256_507_65536            17.63      1.15       2071      8          
check_BBS_TRAD_2_507_65536              50.77      195.37     49026     254        
check_BBS_TRAD_32_507_65536             17.50      2.61       10373     19         
check_BBS_TRAD_4_507_65536              41.76      53.52      36739     128        
check_BBS_TRAD_64_507_65536             17.57      1.70       6203      12         
check_BBS_TRAD_8_507_65536              30.85      17.08      25490     65         
check_BBS_cRCPT_128_507_65536           20.91      1.19       3584      9          
check_BBS_cRCPT_16_507_65536            24.55      5.89       16638     34         
check_BBS_cRCPT_256_507_65536           21.13      1.01       2071      8          
check_BBS_cRCPT_2_507_65536             59.38      178.38     49026     254        
check_BBS_cRCPT_32_507_65536            24.22      2.71       10373     19         
check_BBS_cRCPT_4_507_65536             45.21      52.71      36739     128        
check_BBS_cRCPT_64_507_65536            21.57      1.63       6203      12         
check_BBS_cRCPT_8_507_65536             30.02      16.31      25490     65         
