check_BBS_CAMB_128_507_65536            16.81      1.15       3584      9          
check_BBS_CAMB_16_507_65536             20.46      5.74       16638     34         
check_BBS_CAMB_256_507_65536            17.72      0.99       2071      8          
check_BBS_CAMB_2_507_65536              51.66      182.57     49026     254        
check_BBS_CAMB_32_507_65536             25.39      3.09       10373     19         
check_BBS_CAMB_4_507_65536              39.26      51.97      36739     128        
check_BBS_CAMB_64_507_65536             20.64      1.87       6203      12         
check_BBS_CAMB_8_507_65536              25.66      16.52      25490     65         
check_BBS_NAPOT_128_507_65536           16.15      1.16       3584      9          
check_BBS_NAPOT_16_507_65536            18.92      5.62       16638     34         
check_BBS_NAPOT_256_507_65536           16.06      0.99       2071      8          
check_BBS_NAPOT_2_507_65536             48.42      186.53     49026     254        
check_BBS_NAPOT_32_507_65536            18.56      2.66       10373     19         
check_BBS_NAPOT_4_507_65536             38.18      51.57      36739     128        
check_BBS_NAPOT_64_507_65536            16.50      1.58       6203      12         
check_BBS_NAPOT_8_507_65536             25.12      16.22      25490     65         
check_BBS_RCPT_128_507_65536            17.62      1.29       3584      9          
check_BBS_RCPT_16_507_65536             21.61      5.76       16638     34         
check_BBS_RCPT_256_507_65536            18.91      0.97       2071      8          
check_BBS_RCPT_2_507_65536              51.69      181.59     49026     254        
check_BBS_RCPT_32_507_65536             21.11      2.75       10373     19         
check_BBS_RCPT_4_507_65536              41.05      51.88      36739     128        
check_BBS_RCPT_64_507_65536             19.25      1.57       6203      12         
check_BBS_RCPT_8_507_65536              26.99      16.61      25490     65         
check_BBS_TRAD_128_507_65536            16.21      1.18       3584      9          
check_BBS_TRAD_16_507_65536             19.86      5.77       16638     34         
check_BBS_TRAD_256_507_65536            16.25      1.07       2071      8          
check_BBS_TRAD_2_507_65536              49.06      185.14     49026     254        
check_BBS_TRAD_32_507_65536             18.04      2.94       10373     19         
check_BBS_TRAD_4_507_65536              38.15      51.22      36739     128        
check_BBS_TRAD_64_507_65536             16.81      1.56       6203      12         
check_BBS_TRAD_8_507_65536              24.58      16.17      25490     65         
check_BBS_cRCPT_128_507_65536           20.91      1.15       3584      9          
check_BBS_cRCPT_16_507_65536            24.90      5.89       16638     34         
check_BBS_cRCPT_256_507_65536           21.12      0.98       2071      8          
check_BBS_cRCPT_2_507_65536             59.87      179.36     49026     254        
check_BBS_cRCPT_32_507_65536            23.67      2.80       10373     19         
check_BBS_cRCPT_4_507_65536             43.19      50.62      36739     128        
check_BBS_cRCPT_64_507_65536            21.57      1.59       6203      12         
check_BBS_cRCPT_8_507_65536             30.40      16.62      25490     65         
