check_BBS_CAMB_128_32400_65536          922.79     700.53     3584      504        
check_BBS_CAMB_16_32400_65536           1162.00    45102.10   16638     3814       
check_BBS_CAMB_256_32400_65536          918.78     183.21     2071      253        
check_BBS_CAMB_2_32400_65536            2404.65    947889.00  49026     16200      
check_BBS_CAMB_32_32400_65536           1036.17    13228.70   10373     1977       
check_BBS_CAMB_4_32400_65536            1992.30    281153.00  36739     12038      
check_BBS_CAMB_64_32400_65536           960.63     3344.51    6203      1002       
check_BBS_CAMB_8_32400_65536            1525.24    132906.00  25490     7072       
check_BBS_NAPOT_128_32400_65536         855.42     698.19     3584      504        
check_BBS_NAPOT_16_32400_65536          1158.74    45361.80   16638     3814       
check_BBS_NAPOT_256_32400_65536         851.93     178.64     2071      253        
check_BBS_NAPOT_2_32400_65536           2305.26    944926.00  49026     16200      
check_BBS_NAPOT_32_32400_65536          966.09     13208.50   10373     1977       
check_BBS_NAPOT_4_32400_65536           1911.32    280375.00  36739     12038      
check_BBS_NAPOT_64_32400_65536          892.65     3330.85    6203      1002       
check_BBS_NAPOT_8_32400_65536           1472.52    132665.00  25490     7072       
check_BBS_RCPT_128_32400_65536          991.20     703.63     3584      504        
check_BBS_RCPT_16_32400_65536           1239.91    45141.40   16638     3814       
check_BBS_RCPT_256_32400_65536          976.29     180.51     2071      253        
check_BBS_RCPT_2_32400_65536            2433.49    945339.00  49026     16200      
check_BBS_RCPT_32_32400_65536           1115.16    13270.40   10373     1977       
check_BBS_RCPT_4_32400_65536            2076.13    280412.00  36739     12038      
check_BBS_RCPT_64_32400_65536           1024.30    3334.54    6203      1002       
check_BBS_RCPT_8_32400_65536            1593.57    132780.00  25490     7072       
check_BBS_TRAD_128_32400_65536          859.45     690.77     3584      504        
check_BBS_TRAD_16_32400_65536           1125.21    45324.10   16638     3814       
check_BBS_TRAD_256_32400_65536          860.32     181.98     2071      253        
check_BBS_TRAD_2_32400_65536            2291.62    945468.00  49026     16200      
check_BBS_TRAD_32_32400_65536           968.37     13167.20   10373     1977       
check_BBS_TRAD_4_32400_65536            1890.35    280841.00  36739     12038      
check_BBS_TRAD_64_32400_65536           903.47     3334.14    6203      1002       
check_BBS_TRAD_8_32400_65536            1439.67    132725.00  25490     7072       
check_BBS_cRCPT_128_32400_65536         1191.05    1049.20    3584      1502       
check_BBS_cRCPT_16_32400_65536          1842.62    55724.30   16638     8005       
check_BBS_cRCPT_256_32400_65536         1206.32    343.12     2071      798        
check_BBS_cRCPT_2_32400_65536           3471.88    151357.00  49026     24149      
check_BBS_cRCPT_32_32400_65536          1535.17    16112.90   10373     4822       
check_BBS_cRCPT_4_32400_65536           2829.60    461436.00  36739     17958      
check_BBS_cRCPT_64_32400_65536          1355.79    3770.10    6203      2707       
check_BBS_cRCPT_8_32400_65536           2264.95    168185.00  25490     12410      
