check_BBS_CAMB_128_507_65536            28.13      2.64       3584       9          96.91      
check_BBS_CAMB_16_507_65536             32.25      8.94       16638      34         15.61      
check_BBS_CAMB_256_507_65536            28.76      2.35       2071       8          129.22     
check_BBS_CAMB_2_507_65536              43.36      145.35     49026      254        2.00       
check_BBS_CAMB_32_507_65536             28.80      4.45       10373      19         30.26      
check_BBS_CAMB_4_507_65536              33.82      52.88      36739      128        3.98       
check_BBS_CAMB_64_507_65536             26.57      3.22       6203       12         56.51      
check_BBS_CAMB_8_507_65536              35.97      22.61      25490      65         7.91       
check_BBS_NAPOT_128_507_65536           26.68      2.86       3584       9          15.67      
check_BBS_NAPOT_16_507_65536            27.91      8.64       16638      34         15.67      
check_BBS_NAPOT_256_507_65536           25.65      2.35       2071       8          15.67      
check_BBS_NAPOT_2_507_65536             41.41      155.32     49026      254        1.00       
check_BBS_NAPOT_32_507_65536            26.16      4.56       10373      19         15.67      
check_BBS_NAPOT_4_507_65536             31.35      42.84      36739      128        1.00       
check_BBS_NAPOT_64_507_65536            24.68      3.79       6203       12         15.67      
check_BBS_NAPOT_8_507_65536             32.02      29.57      25490      65         1.00       
check_BBS_RCPT_128_507_65536            28.35      2.68       3584       9          126.48     
check_BBS_RCPT_16_507_65536             25.25      6.33       16638      34         23.10      
check_BBS_RCPT_256_507_65536            28.58      2.39       2071       8          150.72     
check_BBS_RCPT_2_507_65536              45.13      148.32     49026      254        2.99       
check_BBS_RCPT_32_507_65536             30.52      4.53       10373      19         44.18      
check_BBS_RCPT_4_507_65536              45.66      43.35      36739      128        5.94       
check_BBS_RCPT_64_507_65536             28.75      3.15       6203       12         80.03      
check_BBS_RCPT_8_507_65536              27.48      16.16      25490      65         11.79      
check_BBS_TRAD_128_507_65536            25.23      2.97       3584       9          1.00       
check_BBS_TRAD_16_507_65536             44.72      9.29       16638      34         1.00       
check_BBS_TRAD_256_507_65536            26.16      2.46       2071       8          1.00       
check_BBS_TRAD_2_507_65536              39.30      192.65     49026      254        1.00       
check_BBS_TRAD_32_507_65536             26.71      4.67       10373      19         1.00       
check_BBS_TRAD_4_507_65536              32.54      42.82      36739      128        1.00       
check_BBS_TRAD_64_507_65536             24.74      3.07       6203       12         1.00       
check_BBS_TRAD_8_507_65536              36.42      21.51      25490      65         1.00       
check_BBS_cRCPT_128_507_65536           32.03      2.97       3584       9          141.21     
check_BBS_cRCPT_16_507_65536            38.15      8.72       16638      34         30.34      
check_BBS_cRCPT_256_507_65536           33.05      2.46       2071       8          161.40     
check_BBS_cRCPT_2_507_65536             48.49      141.73     49026      254        3.98       
check_BBS_cRCPT_32_507_65536            33.98      4.60       10373      19         57.14      
check_BBS_cRCPT_4_507_65536             37.51      52.59      36739      128        7.90       
check_BBS_cRCPT_64_507_65536            23.50      2.24       6203       12         85.66      
check_BBS_cRCPT_8_507_65536             40.63      22.30      25490      65         15.60      
