check_BBS_CAMB_128_507_65536            17.36      1.18       3584      9          
check_BBS_CAMB_16_507_65536             20.38      5.71       16638     34         
check_BBS_CAMB_256_507_65536            17.39      0.99       2071      8          
check_BBS_CAMB_2_507_65536              52.32      185.07     49026     254        
check_BBS_CAMB_32_507_65536             18.55      2.72       10373     19         
check_BBS_CAMB_4_507_65536              38.56      52.55      36739     128        
check_BBS_CAMB_64_507_65536             18.91      1.61       6203      12         
check_BBS_CAMB_8_507_65536              25.15      16.25      25490     65         
check_BBS_NAPOT_128_507_65536           15.68      1.17       3584      9          
check_BBS_NAPOT_16_507_65536            19.58      5.77       16638     34         
check_BBS_NAPOT_256_507_65536           16.35      0.99       2071      8          
check_BBS_NAPOT_2_507_65536             49.97      186.42     49026     254        
check_BBS_NAPOT_32_507_65536            17.42      2.64       10373     19         
check_BBS_NAPOT_4_507_65536             37.22      51.09      36739     128        
check_BBS_NAPOT_64_507_65536            17.48      1.59       6203      12         
check_BBS_NAPOT_8_507_65536             24.03      16.30      25490     65         
check_BBS_RCPT_128_507_65536            18.30      1.14       3584      9          
check_BBS_RCPT_16_507_65536             21.62      5.72       16638     34         
check_BBS_RCPT_256_507_65536            18.00      0.96       2071      8          
check_BBS_RCPT_2_507_65536              51.53      181.03     49026     254        
check_BBS_RCPT_32_507_65536             21.06      2.66       10373     19         
check_BBS_RCPT_4_507_65536              39.24      51.95      36739     128        
check_BBS_RCPT_64_507_65536             19.14      1.58       6203      12         
check_BBS_RCPT_8_507_65536              27.01      16.15      25490     65         
check_BBS_TRAD_128_507_65536            15.63      1.16       3584      9          
check_BBS_TRAD_16_507_65536             19.38      6.05       16638     34         
check_BBS_TRAD_256_507_65536            16.19      0.98       2071      8          
check_BBS_TRAD_2_507_65536              47.59      180.58     49026     254        
check_BBS_TRAD_32_507_65536             17.64      2.57       10373     19         
check_BBS_TRAD_4_507_65536              36.82      51.21      36739     128        
check_BBS_TRAD_64_507_65536             17.13      1.58       6203      12         
check_BBS_TRAD_8_507_65536              23.78      16.33      25490     65         
check_BBS_cRCPT_128_507_65536           20.26      1.17       3584      9          
check_BBS_cRCPT_16_507_65536            24.43      5.68       16638     34         
check_BBS_cRCPT_256_507_65536           20.97      1.01       2071      8          
check_BBS_cRCPT_2_507_65536             58.20      177.40     49026     254        
check_BBS_cRCPT_32_507_65536            23.89      2.71       10373     19         
check_BBS_cRCPT_4_507_65536             45.40      52.43      36739     128        
check_BBS_cRCPT_64_507_65536            21.43      1.60       6203      12         
check_BBS_cRCPT_8_507_65536             29.85      16.42      25490     65         
