check_BBS_CAMB_128_507_65536            17.29      1.20       3584      9          
check_BBS_CAMB_16_507_65536             22.52      5.75       16638     34         
check_BBS_CAMB_256_507_65536            17.31      1.01       2071      8          
check_BBS_CAMB_2_507_65536              54.03      186.37     49026     254        
check_BBS_CAMB_32_507_65536             18.98      2.71       10373     19         
check_BBS_CAMB_4_507_65536              39.45      53.83      36739     128        
check_BBS_CAMB_64_507_65536             18.16      1.63       6203      12         
check_BBS_CAMB_8_507_65536              30.21      16.54      25490     65         
check_BBS_NAPOT_128_507_65536           17.07      1.33       3584      9          
check_BBS_NAPOT_16_507_65536            21.13      5.89       16638     34         
check_BBS_NAPOT_256_507_65536           16.42      0.98       2071      8          
check_BBS_NAPOT_2_507_65536             54.12      185.69     49026     254        
check_BBS_NAPOT_32_507_65536            20.31      2.78       10373     19         
check_BBS_NAPOT_4_507_65536             38.98      52.65      36739     128        
check_BBS_NAPOT_64_507_65536            17.26      1.63       6203      12         
check_BBS_NAPOT_8_507_65536             29.45      16.87      25490     65         
check_BBS_RCPT_128_507_65536            17.81      1.14       3584      9          
check_BBS_RCPT_16_507_65536             24.47      5.74       16638     34         
check_BBS_RCPT_256_507_65536            18.13      1.00       2071      8          
check_BBS_RCPT_2_507_65536              57.24      186.48     49026     254        
check_BBS_RCPT_32_507_65536             20.54      2.77       10373     19         
check_BBS_RCPT_4_507_65536              40.54      52.35      36739     128        
check_BBS_RCPT_64_507_65536             18.70      1.58       6203      12         
check_BBS_RCPT_8_507_65536              30.80      16.68      25490     65         
check_BBS_TRAD_128_507_65536            15.97      1.15       3584      9          
check_BBS_TRAD_16_507_65536             21.40      5.85       16638     34         
check_BBS_TRAD_256_507_65536            16.26      1.01       2071      8          
check_BBS_TRAD_2_507_65536              53.21      186.18     49026     254        
check_BBS_TRAD_32_507_65536             18.00      2.77       10373     19         
check_BBS_TRAD_4_507_65536              38.85      52.11      36739     128        
check_BBS_TRAD_64_507_65536             16.48      1.57       6203      12         
check_BBS_TRAD_8_507_65536              29.12      16.52      25490     65         
check_BBS_cRCPT_128_507_65536           22.00      1.77       3584      11         
check_BBS_cRCPT_16_507_65536            25.26      6.18       16638     34         
check_BBS_cRCPT_256_507_65536           21.29      1.46       2071      9          
check_BBS_cRCPT_2_507_65536             62.63      180.96     49026     254        
check_BBS_cRCPT_32_507_65536            23.14      2.91       10373     19         
check_BBS_cRCPT_4_507_65536             43.43      53.32      36739     128        
check_BBS_cRCPT_64_507_65536            22.06      2.89       6203      15         
check_BBS_cRCPT_8_507_65536             32.39      17.15      25490     65         
