check_BBS_CAMB_128_507_65536            16.69      1.15       3584      9          
check_BBS_CAMB_16_507_65536             21.41      5.75       16638     34         
check_BBS_CAMB_256_507_65536            17.24      0.98       2071      8          
check_BBS_CAMB_2_507_65536              52.31      185.82     49026     254        
check_BBS_CAMB_32_507_65536             18.40      2.68       10373     19         
check_BBS_CAMB_4_507_65536              40.44      51.89      36739     128        
check_BBS_CAMB_64_507_65536             17.93      1.59       6203      12         
check_BBS_CAMB_8_507_65536              25.72      16.20      25490     65         
check_BBS_NAPOT_128_507_65536           16.26      1.17       3584      9          
check_BBS_NAPOT_16_507_65536            19.10      5.71       16638     34         
check_BBS_NAPOT_256_507_65536           16.72      1.00       2071      8          
check_BBS_NAPOT_2_507_65536             49.71      184.03     49026     254        
check_BBS_NAPOT_32_507_65536            19.20      2.69       10373     19         
check_BBS_NAPOT_4_507_65536             38.80      51.62      36739     128        
check_BBS_NAPOT_64_507_65536            17.45      1.64       6203      12         
check_BBS_NAPOT_8_507_65536             25.14      16.32      25490     65         
check_BBS_RCPT_128_507_65536            18.46      1.12       3584      9          
check_BBS_RCPT_16_507_65536             22.73      5.71       16638     34         
check_BBS_RCPT_256_507_65536            18.32      0.98       2071      8          
check_BBS_RCPT_2_507_65536              52.76      186.57     49026     254        
check_BBS_RCPT_32_507_65536             19.94      2.68       10373     19         
check_BBS_RCPT_4_507_65536              40.33      51.92      36739     128        
check_BBS_RCPT_64_507_65536             19.03      1.58       6203      12         
check_BBS_RCPT_8_507_65536              27.12      16.55      25490     65         
check_BBS_TRAD_128_507_65536            15.86      1.15       3584      9          
check_BBS_TRAD_16_507_65536             19.73      5.93       16638     34         
check_BBS_TRAD_256_507_65536            16.19      1.00       2071      8          
check_BBS_TRAD_2_507_65536              49.60      185.20     49026     254        
check_BBS_TRAD_32_507_65536             19.38      2.71       10373     19         
check_BBS_TRAD_4_507_65536              43.16      53.43      36739     128        
check_BBS_TRAD_64_507_65536             16.81      1.57       6203      12         
check_BBS_TRAD_8_507_65536              24.44      16.45      25490     65         
check_BBS_cRCPT_128_507_65536           22.15      1.18       3584      9          
check_BBS_cRCPT_16_507_65536            25.81      5.72       16638     34         
check_BBS_cRCPT_256_507_65536           22.82      0.99       2071      8          
check_BBS_cRCPT_2_507_65536             61.19      182.83     49026     254        
check_BBS_cRCPT_32_507_65536            24.72      2.60       10373     19         
check_BBS_cRCPT_4_507_65536             44.95      52.61      36739     128        
check_BBS_cRCPT_64_507_65536            23.73      1.62       6203      12         
check_BBS_cRCPT_8_507_65536             32.04      16.65      25490     65         
