check_BBS_CAMB_128_8640_65536           247.26     54.58      3584      132        
check_BBS_CAMB_16_8640_65536            305.99     1233.16    16638     844        
check_BBS_CAMB_256_8640_65536           238.83     18.99      2071      67         
check_BBS_CAMB_2_8640_65536             648.20     65506.00   49026     4320       
check_BBS_CAMB_32_8640_65536            273.70     544.38     10373     492        
check_BBS_CAMB_4_8640_65536             458.55     16328.40   36739     2160       
check_BBS_CAMB_64_8640_65536            249.82     174.33     6203      259        
check_BBS_CAMB_8_8640_65536             349.78     3541.28    25490     1132       
check_BBS_NAPOT_128_8640_65536          229.52     54.10      3584      132        
check_BBS_NAPOT_16_8640_65536           297.48     1240.75    16638     844        
check_BBS_NAPOT_256_8640_65536          222.87     18.64      2071      67         
check_BBS_NAPOT_2_8640_65536            640.92     65790.90   49026     4320       
check_BBS_NAPOT_32_8640_65536           268.31     553.44     10373     492        
check_BBS_NAPOT_4_8640_65536            432.54     16353.10   36739     2160       
check_BBS_NAPOT_64_8640_65536           238.98     174.62     6203      259        
check_BBS_NAPOT_8_8640_65536            337.80     3568.85    25490     1132       
check_BBS_RCPT_128_8640_65536           262.54     53.97      3584      132        
check_BBS_RCPT_16_8640_65536            324.85     1229.19    16638     844        
check_BBS_RCPT_256_8640_65536           259.82     18.70      2071      67         
check_BBS_RCPT_2_8640_65536             672.14     65562.30   49026     4320       
check_BBS_RCPT_32_8640_65536            295.69     541.89     10373     492        
check_BBS_RCPT_4_8640_65536             471.73     16290.10   36739     2160       
check_BBS_RCPT_64_8640_65536            271.99     176.02     6203      259        
check_BBS_RCPT_8_8640_65536             374.19     3577.53    25490     1132       
check_BBS_TRAD_128_8640_65536           227.69     53.88      3584      132        
check_BBS_TRAD_16_8640_65536            288.00     1229.82    16638     844        
check_BBS_TRAD_256_8640_65536           225.31     18.35      2071      67         
check_BBS_TRAD_2_8640_65536             624.80     65527.80   49026     4320       
check_BBS_TRAD_32_8640_65536            263.14     550.31     10373     492        
check_BBS_TRAD_4_8640_65536             424.18     16329.30   36739     2160       
check_BBS_TRAD_64_8640_65536            241.03     176.42     6203      259        
check_BBS_TRAD_8_8640_65536             330.82     3550.78    25490     1132       
check_BBS_cRCPT_128_8640_65536          311.36     57.03      3584      134        
check_BBS_cRCPT_16_8640_65536           386.55     2499.75    16638     974        
check_BBS_cRCPT_256_8640_65536          305.90     19.20      2071      68         
check_BBS_cRCPT_2_8640_65536            747.45     65571.50   49026     4320       
check_BBS_cRCPT_32_8640_65536           345.60     672.75     10373     518        
check_BBS_cRCPT_4_8640_65536            535.03     15300.50   36739     2237       
check_BBS_cRCPT_64_8640_65536           324.08     195.58     6203      266        
check_BBS_cRCPT_8_8640_65536            454.77     5204.72    25490     1656       
